0
5
6
340
11
1500
15
340
21
0
26
110

1
4
8
90
9
210
13
240
29
240

2
4
9
430
14
195
18
195
23
1255

3
5
4
460
5
230
17
870
20
650
28
740

4
5
3
460
13
415
16
235
20
560
29
415

5
5
3
230
12
790
16
680
17
1115
23
965

6
2
15
0
17
650

7
2
19
90
25
0

8
3
1
90
22
225
27
115

9
5
1
430
2
430
10
2070
24
430
27
225

10
4
6
680
9
2070
11
1390
15
680

11
5
0
1500
10
1390
16
465
21
1500
24
300

12
3
5
790
22
790
23
210

13
5
1
240
4
415
22
250
24
80
29
0

14
4
2
195
18
0
19
80
27
315

15
5
0
340
6
0
10
680
17
650
21
340

16
4
4
235
5
680
11
465
22
310

17
6
3
870
5
1115
6
650
15
650
20
580
26
300

18
4
2
195
14
0
19
80
27
315

19
4
7
90
14
80
18
80
25
90

20
4
3
650
4
560
17
580
26
830

21
5
0
0
6
340
11
1500
15
340
26
110

22
7
8
225
12
790
13
250
16
310
27
260
28
375
29
250

23
6
2
1255
5
965
7
930
12
210
25
930
28
600

24
4
9
430
11
300
12
80
29
80

25
5
7
0
19
90
23
930
27
195
28
560

26
4
0
110
17
300
20
830
21
110

27
7
8
115
7
195
9
225
14
315
18
315
22
260
25
195

28
5
3
740
7
560
25
560
22
375
23
600

29
5
1
240
4
415
13
0
22
250
24
80
